1.783454407934925712e+00 -4.280823936778599546e+02 -4.280838771719874671e+02 1.455546794204565053e+01 -2.018668373537160221e+02
1.864403578917261939e+00 -4.477244603385947812e+02 -4.477237825151227639e+02 1.522160175682074268e+01 -2.096528469880816203e+02
1.948590087597068532e+00 -4.682668209491431526e+02 -4.682636541764679805e+02 1.591970999470504111e+01 -2.177279333112558390e+02
2.037782027816348318e+00 -4.897489409843877866e+02 -4.897454990731091584e+02 1.665512172621674480e+01 -2.261021920165937615e+02
2.132631273891405499e+00 -5.122133504865047371e+02 -5.122118228602018917e+02 1.741895516715885250e+01 -2.347860291513761410e+02
2.232279601813047520e+00 -5.357063232205625809e+02 -5.357056809411240010e+02 1.821831574488896521e+01 -2.437901669595383680e+02
2.335798954035794850e+00 -5.602755867474691058e+02 -5.602732218607435470e+02 1.905320345940708293e+01 -2.531256525372214128e+02
2.442402420054889944e+00 -5.859694570911919982e+02 -5.859647023901821967e+02 1.992717102439200616e+01 -2.628038625007142741e+02
2.552056934952418032e+00 -6.128383505718915103e+02 -6.128323970622169554e+02 2.084377115352253540e+01 -2.728365063410151947e+02
2.666808067449011332e+00 -6.409355928968877834e+02 -6.409300197133873098e+02 2.179945113311987015e+01 -2.832356204198056275e+02
2.788607005360432822e+00 -6.703165873583642451e+02 -6.703128675824565335e+02 2.280131639054161141e+01 -2.940135905058767207e+02
2.917023910612215332e+00 -7.010375932398673058e+02 -7.010365045586688666e+02 2.384226149843015818e+01 -3.051831609871946398e+02
3.051099355865005691e+00 -7.331575330938022717e+02 -7.331591511597928275e+02 2.494005002517951297e+01 -3.167574416294982598e+02
3.190768866307536200e+00 -7.667421481489355983e+02 -7.667457542778563493e+02 2.608047111607447377e+01 -3.287499133169191623e+02
3.336308724275482973e+00 -8.018613904688152161e+02 -8.018649999135902817e+02 2.727418291215144208e+01 -3.411744274559857786e+02
3.488081478245419476e+00 -8.385830726156661967e+02 -8.385843086033055442e+02 2.852473812708921841e+01 -3.540451550252363404e+02
3.646593033941769590e+00 -8.769751391570252963e+02 -8.769727088299318893e+02 2.983568947456659970e+01 -3.673766166659966075e+02
3.813432240420411290e+00 -9.171113566070232537e+02 -9.171057108301710059e+02 3.119993152722599206e+01 -3.811837431399851539e+02
3.991082897215392222e+00 -9.590712185531699561e+02 -9.590641658142188817e+02 3.262812242610379343e+01 -3.954818727298032854e+02
4.179321909575151039e+00 -1.002936714916493997e+03 -1.002929412160675270e+03 3.413447302591520582e+01 -4.102866499833481839e+02
4.374470550736475616e+00 -1.048792495566658545e+03 -1.048784713891187494e+03 3.569766704458742623e+01 -4.256140098705714081e+02
4.574781890063661649e+00 -1.096725587242531219e+03 -1.096716835469372654e+03 3.732480990947805566e+01 -4.414803041043526832e+02
4.782640184657793725e+00 -1.146824922229825461e+03 -1.146815377262583979e+03 3.903011247530229610e+01 -4.579023386996112777e+02
5.000073667140725320e+00 -1.199184068444537843e+03 -1.199173704989057342e+03 4.082778559677534957e+01 -4.748972261574664344e+02
5.226739921255330046e+00 -1.253904400852789422e+03 -1.253892827353254688e+03 4.268940756446681206e+01 -4.924822478285975080e+02
5.462329506087826303e+00 -1.311090975173335892e+03 -1.311077013903528041e+03 4.464340008780708757e+01 -5.106750229739205338e+02
5.708292828501271288e+00 -1.370847948433855436e+03 -1.370828649120085174e+03 4.668976316679617611e+01 -5.294935811166538997e+02
5.966697678765342516e+00 -1.433282326669548411e+03 -1.433253754462924690e+03 4.882139137407647667e+01 -5.489562682487515985e+02
6.239898482064631935e+00 -1.498508084530009000e+03 -1.498471396147273481e+03 5.104539013700559025e+01 -5.690815336409328893e+02
6.529960576287408003e+00 -1.566644895173290251e+03 -1.566607869522165629e+03 5.337597031029871886e+01 -5.898880414369997425e+02
6.833964545144510794e+00 -1.637814348571645041e+03 -1.637779921208910082e+03 5.582023732131346350e+01 -6.113947126610952409e+02
7.146272515349494370e+00 -1.712141148271733528e+03 -1.712101989055980766e+03 5.837108574269222316e+01 -6.336206982092846829e+02
7.467923516784935600e+00 -1.789754903526990347e+03 -1.789704700395347345e+03 6.102141014707738975e+01 -6.565851523712708513e+02
7.805682343715147908e+00 -1.870790917000817899e+03 -1.870735421284990707e+03 6.379252681654178048e+01 -6.803072398597862502e+02
8.162605462061378603e+00 -1.955385930283256357e+03 -1.955332064121535041e+03 6.671996288787339324e+01 -7.048061635668148028e+02
8.536834121713354762e+00 -2.043678387027853205e+03 -2.043623295500381573e+03 6.976108579692662204e+01 -7.301011193490154483e+02
8.925313278368207648e+00 -2.135811594752766268e+03 -2.135747400880120495e+03 7.291589554370146686e+01 -7.562112038991273266e+02
9.323659500765302255e+00 -2.231935989201474513e+03 -2.231862606294740090e+03 7.624123554705873573e+01 -7.831552871869575938e+02
9.731609447086952969e+00 -2.332204049153020151e+03 -2.332126145234681644e+03 7.969447324285282264e+01 -8.109519953028723194e+02
1.016035820002514356e+01 -2.436767568839584783e+03 -2.436688951217078738e+03 8.330403034051413158e+01 -8.396194752591981114e+02
1.061946539184077665e+01 -2.545781733319572140e+03 -2.545702514345435702e+03 8.708411769475786457e+01 -8.691754776135383054e+02
1.110214909857631937e+01 -2.659408948399189285e+03 -2.659324181938686252e+03 9.102052445086881960e+01 -8.996370624849419073e+02
1.159961077054560974e+01 -2.777814185443901351e+03 -2.777714495228593478e+03 9.514167231827740068e+01 -9.310207001314410036e+02
1.211861696646110431e+01 -2.901154981279333242e+03 -2.901034216276187180e+03 9.941913958755320380e+01 -9.633419296176271018e+02
1.267039059031560555e+01 -3.029587308156194922e+03 -3.029446205435519460e+03 1.038955588228418350e+02 -9.966154497057573280e+02
1.324847524520578190e+01 -3.163268424823200803e+03 -3.163108780300191938e+03 1.085709300241432942e+02 -1.030854763820727158e+03
1.383677790695969634e+01 -3.302357655498610711e+03 -3.302183823276521707e+03 1.134168314820271775e+02 -1.066072212417324636e+03
1.443453318543674868e+01 -3.447021750985627023e+03 -3.446833581093130761e+03 1.185185283247846826e+02 -1.102278548374144293e+03
1.505396056126073745e+01 -3.597433919431523464e+03 -3.597226627359901613e+03 1.238333879882702320e+02 -1.139482899498773349e+03
1.570266689861909981e+01 -3.753747937629839271e+03 -3.753513521462565222e+03 1.293187779083382054e+02 -1.177692637022431654e+03
1.638214189298992096e+01 -3.916094742511716959e+03 -3.915834444196264030e+03 1.350599632132798149e+02 -1.216913191617152279e+03
1.709581920391656240e+01 -4.084613157658282034e+03 -4.084330632658463855e+03 1.410569439030950605e+02 -1.257147867609944569e+03
1.785093574900997737e+01 -4.259461472748995220e+03 -4.259162056340727759e+03 1.472812982683535381e+02 -1.298397484197892027e+03
1.864703099016651322e+01 -4.440786986630456340e+03 -4.440472473041637386e+03 1.537898697279160558e+02 -1.340660380775688054e+03
1.946315454731006866e+01 -4.628709152617062500e+03 -4.628378472789478110e+03 1.605542365723522096e+02 -1.383931919413726064e+03
2.028339115645394486e+01 -4.823335621531527067e+03 -4.822986476002739437e+03 1.675459770922315954e+02 -1.428204626827835000e+03
2.112842979619244943e+01 -5.024764671090764750e+03 -5.024414543227294416e+03 1.748219347064150213e+02 -1.473467699557829746e+03
2.202343177509646921e+01 -5.233088476316822380e+03 -5.232772712024257089e+03 1.824389528337632953e+02 -1.519707047742485884e+03
2.295893492913592127e+01 -5.448414000067032248e+03 -5.448132098494567799e+03 1.903401880554156094e+02 -1.566904606739598194e+03
2.391467196579810661e+01 -5.670838747708416122e+03 -5.670541167924028741e+03 1.985540620808023675e+02 -1.615038438606035243e+03
2.489589036147776824e+01 -5.900377694179383070e+03 -5.900046181753793462e+03 2.070521532004931657e+02 -1.664081852789763616e+03
2.592135584029620077e+01 -6.136993812768366297e+03 -6.136695820124458805e+03 2.158628831239184080e+02 -1.714003576044291322e+03
2.699275317803540020e+01 -6.380693343407585417e+03 -6.380489007353218767e+03 2.249862518510780944e+02 -1.764767397011013372e+03
2.809807789051887994e+01 -6.631510437184715556e+03 -6.631391423423337983e+03 2.344791028008330045e+02 -1.816332035976643056e+03
2.923624679198155718e+01 -6.889414147302403762e+03 -6.889328129529530997e+03 2.443130142637527911e+02 -1.868650081541346708e+03
3.041965209212094123e+01 -7.154295162850189627e+03 -7.154213436855570762e+03 2.544311428209766177e+02 -1.921667627323245142e+03
3.164841416622721226e+01 -7.426007805653057403e+03 -7.425916948391659389e+03 2.649471753102261005e+02 -1.975324360137392432e+03
3.290069249027283149e+01 -7.704365395725631060e+03 -7.704294453322460868e+03 2.758611117315012393e+02 -2.029552927372776594e+03
3.416988062991777042e+01 -7.989169256192781177e+03 -7.989144056888391788e+03 2.871161086659412263e+02 -2.084279006273959567e+03
3.549409717004436970e+01 -8.280237733660100275e+03 -8.280212610719900113e+03 2.986553226946852533e+02 -2.139420214482981919e+03
3.689780015997712326e+01 -8.577335385263040735e+03 -8.577188596704616430e+03 3.106492840743157444e+02 -2.194886890877000951e+03
3.832393465319228198e+01 -8.880088908131539938e+03 -8.879713281583519347e+03 3.229843059671110836e+02 -2.250581157431156498e+03
3.970976732944109244e+01 -9.188062711679549466e+03 -9.187387518855928647e+03 3.356035449542104629e+02 -2.306397510878809953e+03
4.109010503441368201e+01 -9.500822145620360970e+03 -9.499776507596323427e+03 3.487343747110571144e+02 -2.362221682840242920e+03
4.253034501573438320e+01 -9.817901123541048946e+03 -9.816398995960355023e+03 3.621494215622078059e+02 -2.417931468056622180e+03
4.403352945098504279e+01 -1.013880335606819426e+04 -1.013669487340411069e+04 3.758486855076625375e+02 -2.473396182508793117e+03
4.557141083620308564e+01 -1.046298386946040227e+04 -1.046005120371995690e+04 3.900595402228645412e+02 -2.528477086021268860e+03
4.714728005495771868e+01 -1.078978361344042059e+04 -1.078573189552218901e+04 4.045546120323705850e+02 -2.583025855177311314e+03
4.878847754048365459e+01 -1.111843091094056035e+04 -1.111293659754164764e+04 4.193907443550414769e+02 -2.636885222980765775e+03
5.048292884572447292e+01 -1.144808659156893737e+04 -1.144079719999928056e+04 4.345679371908772168e+02 -2.689888594773833574e+03
5.217342534803037779e+01 -1.177782181065947407e+04 -1.176845122627031560e+04 4.499156602832953809e+02 -2.741860208027844692e+03
5.382058636934061724e+01 -1.210687074335044053e+04 -1.209487825786112626e+04 4.657181307266000090e+02 -2.792615144862111265e+03
5.542159331486118390e+01 -1.243474468568490374e+04 -1.241895741323997936e+04 4.816911314264870043e+02 -2.841958721348078143e+03
5.699392317421825283e+01 -1.276018428215593303e+04 -1.273949845551805993e+04 4.980620360583997126e+02 -2.889689427944290401e+03
5.859405046999199840e+01 -1.308006710657457370e+04 -1.305529134929156498e+04 5.145466275280340369e+02 -2.935599235745485203e+03
6.026654695358502067e+01 -1.339313883104557499e+04 -1.336489609798354650e+04 5.312585926731115933e+02 -2.979471482838675911e+03
6.198647713142690918e+01 -1.370586201474566224e+04 -1.366677936387145564e+04 5.481979314936323817e+02 -3.021073382151485021e+03
6.371225497684918082e+01 -1.402309684679858037e+04 -1.395968756888362259e+04 5.652509571518747862e+02 -3.060170608497173816e+03
6.539635026513224147e+01 -1.433024250026005575e+04 -1.424244201590340708e+04 5.825313564855604227e+02 -3.096547723815660902e+03
6.699027719923833502e+01 -1.460843591629350158e+04 -1.451298072429995045e+04 5.995843821438028272e+02 -3.129987219357758477e+03
6.851369452385824843e+01 -1.486395072620132305e+04 -1.476829203213367146e+04 6.170921551529316957e+02 -3.160209511598395693e+03
7.002826485199875606e+01 -1.511478097793883535e+04 -1.500640811691857743e+04 6.342588676488957162e+02 -3.186909534566098046e+03
7.154168094211854623e+01 -1.536184509534029894e+04 -1.522588399373046195e+04 6.513118933071381207e+02 -3.209815777385983893e+03
7.301540067498990538e+01 -1.559351775854304287e+04 -1.542466432304581758e+04 6.684786058031021412e+02 -3.228683168919928903e+03
7.443071394459366275e+01 -1.580427987731877693e+04 -1.560091038026484966e+04 6.850768841104580815e+02 -3.243275738099782757e+03
7.579059624981709931e+01 -1.599580405051881280e+04 -1.575298931897930197e+04 7.017888492555356379e+02 -3.253368024235555822e+03
7.706913356389577530e+01 -1.616897408150327828e+04 -1.587824852071059831e+04 7.179323802120051141e+02 -3.258726308136715488e+03
7.820516128265353473e+01 -1.632198012126150388e+04 -1.597394922964178841e+04 7.337348506553097423e+02 -3.259102687317408709e+03
7.917903227200895344e+01 -1.645313282857625745e+04 -1.603730759839493112e+04 7.488552000722846742e+02 -3.254257825289641914e+03
8.007471822691059060e+01 -1.656123735859557564e+04 -1.606602640206699471e+04 7.637481758138163741e+02 -3.243958958418147631e+03
8.094301340895526664e+01 -1.664541290227827994e+04 -1.605768437334336340e+04 7.778453436912967618e+02 -3.227991243442829727e+03
8.167556847092782846e+01 -1.670501305295545171e+04 -1.600962621460973787e+04 7.910330168670042212e+02 -3.206152664655405715e+03
8.216300433218748367e+01 -1.673961679539706893e+04 -1.591929896230988015e+04 8.034248821786603685e+02 -3.178268658736556063e+03
8.246699058190642972e+01 -1.674923074144385100e+04 -1.578446858913662254e+04 8.147935659508219715e+02 -3.144189996113595953e+03
8.268335633533752116e+01 -1.673418615541152030e+04 -1.560304186025666604e+04 8.251390681834890302e+02 -3.103801584944449132e+03
8.274606418365237914e+01 -1.669515702679666356e+04 -1.537248668460847512e+04 8.343477020389399286e+02 -3.057005515548212315e+03
8.252981405644277402e+01 -1.663271814602103404e+04 -1.509091080908990443e+04 8.421920938417314346e+02 -3.003741537293649344e+03
8.205429390716290072e+01 -1.654833076918680308e+04 -1.475634562057462063e+04 8.484448699164203163e+02 -2.943990185194479636e+03
8.143661882331798552e+01 -1.644374410144018839e+04 -1.436749363409899161e+04 8.533334039384498055e+02 -2.877782498116744136e+03
8.067709545264278859e+01 -1.632158780825522990e+04 -1.392306930623078551e+04 8.562892617192118223e+02 -2.805197509055687988e+03
7.966929841677483637e+01 -1.618459703488372179e+04 -1.342288897860009820e+04 8.578808774473144467e+02 -2.726368212998750096e+03
7.835352410950235935e+01 -1.603622656662321242e+04 -1.286704166818003614e+04 8.574261300964279826e+02 -2.641494458402235068e+03
7.674455047322226164e+01 -1.588039382133388244e+04 -1.225629278195469851e+04 8.546976459911091979e+02 -2.550843639995946432e+03
7.487255176738472073e+01 -1.572168324044037035e+04 -1.159217730980958549e+04 8.502638593199661727e+02 -2.454756935707905541e+03
7.278677626527496614e+01 -1.556559089638244586e+04 -1.087734156821454599e+04 8.437837095698340590e+02 -2.353646538056295867e+03
7.051902141324717377e+01 -1.541743954000310077e+04 -1.011577605126490198e+04 8.349161362275480087e+02 -2.248004418804953275e+03
6.802940553643566091e+01 -1.528360526116091387e+04 -9.312056125810613594e+03 8.240021998062728699e+02 -2.138407614681455016e+03
6.529978663957081153e+01 -1.516991182894480517e+04 -8.472279118052938429e+03 8.109282134682870264e+02 -2.025505078957621663e+03
6.243462958912004979e+01 -1.508333371448463731e+04 -7.604015821862958546e+03 7.955804903758688624e+02 -1.910031849481015342e+03
5.954849813531382097e+01 -1.503000398714868788e+04 -6.715964744873417658e+03 7.780727173667399938e+02 -1.792775315533276626e+03
5.661444213956201565e+01 -1.501545724114168843e+04 -5.818891225435891101e+03 7.589733286295085009e+02 -1.674604906799572746e+03
5.355263802914578264e+01 -1.504520625752888918e+04 -4.922894603501049460e+03 7.379412636510095354e+02 -1.556411694784060273e+03
5.042157910122568865e+01 -1.512213534952979899e+04 -4.041632266221199643e+03 7.153175829444079454e+02 -1.439136167445099090e+03
4.732309489600083907e+01 -1.525068613045368693e+04 -3.185957064896001611e+03 6.913296601851469632e+02 -1.323701685077480761e+03
4.436514408905622986e+01 -1.542837292926810733e+04 -2.371715320618136502e+03 6.662048690486698206e+02 -1.211030557124445295e+03
4.159092672136921465e+01 -1.565602320901052735e+04 -1.609086024488988187e+03 6.405116437235845979e+02 -1.101990852927997366e+03
3.906212258459618170e+01 -1.592685671363437905e+04 -9.120638662369628946e+02 6.144773578853345271e+02 -9.973578363895967414e+02
3.678752769542370515e+01 -1.623709451061574691e+04 -2.886871066922367390e+02 5.884430720470844562e+02 -8.978050844609697378e+02
3.482056603002092743e+01 -1.657004839067701687e+04 2.480603890629708985e+02 5.626361598842776175e+02 -8.038705447363554413e+02
3.317155089882817265e+01 -1.690676326632785640e+04 6.920469699457498791e+02 5.377387424232437070e+02 -7.159942607497669087e+02
3.180206361639648094e+01 -1.723941919195374430e+04 1.048024474404883222e+03 5.138645065017043407e+02 -6.343531125716026509e+02
3.073259133759620454e+01 -1.755750359796741031e+04 1.320130176143152312e+03 4.914681994705459829e+02 -5.588508063730159847e+02
3.005359775977467507e+01 -1.782907688658565166e+04 1.499649603262298569e+03 4.703792910731862094e+02 -4.893007206920287899e+02
2.971570172945803279e+01 -1.799095833284746914e+04 1.578679940940901361e+03 4.513935891736763892e+02 -4.255779888635515817e+02
2.942018598849927002e+01 -1.802104265802182636e+04 1.587195996075024595e+03 4.343405635154339848e+02 -3.673395951832958417e+02
2.901919503472072392e+01 -1.789925225279472579e+04 1.567813541138434630e+03 4.191633706795982448e+02 -3.137638629652883537e+02
2.861654363346133323e+01 -1.757128112677725221e+04 1.530746240570692862e+03 4.054641067341435132e+02 -2.640599201158124743e+02
2.808832933936855625e+01 -1.700415028147904013e+04 1.490184535740411320e+03 3.926743374904617099e+02 -2.176165853884413082e+02
2.726261130061402582e+01 -1.620807709015900764e+04 1.454061677837216848e+03 3.806803761108312187e+02 -1.739573570428092353e+02
2.605947485778870032e+01 -1.523226003675074389e+04 1.416457499644138807e+03 3.689137884066439597e+02 -1.327265706643743215e+02
2.450054871064821782e+01 -1.404898378502349442e+04 1.440899003153674585e+03 3.568629836081526605e+02 -9.369465284856914877e+01
2.251783711869848048e+01 -1.264447978616101318e+04 1.583735034209780679e+03 3.436184670135843930e+02 -5.684480069567143801e+01
1.978391460653483591e+01 -1.113548961336380125e+04 1.820656502195106441e+03 3.287823346909135012e+02 -2.243088245791113877e+01
1.677642748614971424e+01 -9.669200624333769156e+03 2.112552615895481267e+03 3.118429958703927127e+02 9.031531834750694543e+00
1.380690170691423191e+01 -8.409892397699763023e+03 2.408446691345488944e+03 2.928004505520220278e+02 3.693765722579200883e+01
1.109295995735237739e+01 -7.497864204897950913e+03 2.655950268496610533e+03 2.723368197621311424e+02 6.081580489410498558e+01
9.130461851611926249e+00 -6.999135113937654751e+03 2.827672849325267634e+03 2.511910679459105609e+02 8.051792692822345998e+01
7.758551946977831903e+00 -6.897225162005525817e+03 2.913882448612753251e+03 2.305000634805764719e+02 9.628775715017923176e+01
7.218026370622965260e+00 -7.123782847147112079e+03 2.900516182325958198e+03 2.112017227773321508e+02 1.087494198705769577e+02
7.510089447265499984e+00 -7.584231811939559520e+03 2.770452179077381061e+03 1.942055405379505544e+02 1.188756369978705152e+02
8.412233414418324173e+00 -8.123674629473043751e+03 2.525473422287802805e+03 1.802789029170525907e+02 1.278443685444301536e+02
9.480364432619126092e+00 -8.528152825506054796e+03 2.219350886799759337e+03 1.695070750429294719e+02 1.367050676295775702e+02
1.019945641721164975e+01 -8.562540968610732307e+03 1.940148230696593146e+03 1.614921529835555418e+02 1.459368454762000056e+02
1.018906714944023406e+01 -8.068524539478175939e+03 1.762837307962797695e+03 1.550120032334234281e+02 1.551653464591424836e+02
9.216128788040123254e+00 -7.058772525554047206e+03 1.715262332477379914e+03 1.486739620304433345e+02 1.632406920098787850e+02
7.402850328730892215e+00 -5.742024195517529733e+03 1.773748574127580468e+03 1.411137873219558685e+02 1.686508689234642588e+02
5.196809414286462925e+00 -4.464151073983771312e+03 1.883052221854114805e+03 1.317062015004921420e+02 1.701852922809905522e+02
3.349050335771153186e+00 -3.562584002533213607e+03 1.984106474620304425e+03 1.205791022584889731e+02 1.675863486678252912e+02
2.271680375059759172e+00 -3.233800109071836232e+03 2.010887599493571543e+03 1.088693579731625363e+02 1.618293847422478393e+02
2.363715424237966545e+00 -3.476995971985018969e+03 1.891394605897417478e+03 9.791278898774179140e+01 1.550841055809684121e+02
3.306597378895048678e+00 -4.012477537644286713e+03 1.646590317721688734e+03 8.918732419260776112e+01 1.499607489783016945e+02
4.284251024003538078e+00 -4.362435111015088296e+03 1.403638857913563243e+03 8.307665666507089952e+01 1.477360182379641174e+02
4.579699699561956550e+00 -4.218462112777330731e+03 1.241492808909043788e+03 7.867129170335827837e+01 1.475443131868559021e+02
3.982080314671065935e+00 -3.561230700564934068e+03 1.185775259622360409e+03 7.463540896424090931e+01 1.472149636531128181e+02
2.598920433371176841e+00 -2.658586193396786257e+03 1.241411741762547535e+03 6.961897724977460200e+01 1.441033467292669457e+02
1.430537318356073229e+00 -2.044247836478831459e+03 1.284880539660505747e+03 6.333777946565531636e+01 1.372891243271965322e+02
1.119914050143222539e+00 -1.980121227984206143e+03 1.224916823592330729e+03 5.685052428816560877e+01 1.287293753231182336e+02
1.616098878294280894e+00 -2.257585794277154946e+03 1.078381252476859117e+03 5.137223979545523633e+01 1.213325489950705105e+02
2.189033547800534052e+00 -2.435227125407195217e+03 9.178615047838292185e+02 4.745714932141708431e+01 1.166883041112569686e+02
2.140925832591733524e+00 -2.202901420023401442e+03 8.340175201463750909e+02 4.447286983122466353e+01 1.136587387794847359e+02
1.422534014132281754e+00 -1.687616528921289273e+03 8.406124461455277697e+02 4.127542752030421269e+01 1.094851229787892066e+02
8.419643133592558115e-01 -1.354303141671074627e+03 8.352637276478773174e+02 3.748112931134527770e+01 1.030621423418551785e+02
8.230353035330040257e-01 -1.366423997965945546e+03 7.703074269396167892e+02 3.373656909388954972e+01 9.606404811255231380e+01
1.137390812822047792e+00 -1.474864511443385481e+03 6.643557922310704953e+02 3.078071131312753295e+01 9.063220344213362978e+01
1.140497807963214427e+00 -1.349382658553206966e+03 6.039991212425021558e+02 2.845723656719200889e+01 8.656739429567039679e+01
7.694692940454217478e-01 -1.075359780908336006e+03 5.889567902740608361e+02 2.613731453493528178e+01 8.204164395052870873e+01
5.558201543642837805e-01 -9.480160131218901824e+02 5.594319229216466738e+02 2.365396767345373163e+01 7.653607972227050027e+01
6.543499389195517324e-01 -9.654749350989355889e+02 4.998933373796354545e+02 2.143707433788221906e+01 7.145741805955552195e+01
6.750987975081557124e-01 -9.063626762026615324e+02 4.493245545004178325e+02 1.962519036169396358e+01 6.733917918207765752e+01
4.927419259637133564e-01 -7.587729350413070506e+02 4.266406330964720155e+02 1.791988779586972313e+01 6.321776383972732560e+01
4.120910008182931961e-01 -6.899609245745068620e+02 3.967690134316157469e+02 1.622524337108188419e+01 5.881471799543902534e+01
4.390212312834762542e-01 -6.666874007525453862e+02 3.561238668756967627e+02 1.473132726914627355e+01 5.484103762490022405e+01
3.822136655635688385e-01 -5.904476988791849408e+02 3.280073400626850457e+02 1.342215227850829073e+01 5.125078299755791988e+01
3.096458089757447851e-01 -5.246271013521610485e+02 3.043265306989972601e+02 1.216271527937351316e+01 4.763158397782696341e+01
3.010121666449094846e-01 -4.916018952431464299e+02 2.759984532462347033e+02 1.101874147479975186e+01 4.423011659276632201e+01
2.635607944636575439e-01 -4.402272311570598617e+02 2.532534502026262260e+02 9.999112648984008089e+00 4.110789839300466042e+01
2.256943423706303520e-01 -3.966381184233558201e+02 2.325773483575517275e+02 9.050538096744274341e+00 3.808727157126234886e+01
2.100899982870885196e-01 -3.636980430878615493e+02 2.114754873465738285e+02 8.194334100153353617e+00 3.527133839972229623e+01
1.847126329321824301e-01 -3.261880593048180685e+02 1.935446971513119365e+02 7.412737090817243413e+00 3.263540768346917531e+01
1.602464158141359007e-01 -2.963729256301572832e+02 1.765168425405967412e+02 6.700417998217743865e+00 3.014729805728144640e+01
1.489703893549076952e-01 -2.687035435781588149e+02 1.596993497851171355e+02 6.054712287095752821e+00 2.783405274918759886e+01
1.363029916596758540e-01 -2.434533994749008627e+02 1.442390791496270879e+02 5.468514530093670167e+00 2.567009536251241286e+01
1.213728962783378051e-01 -2.198189362613263143e+02 1.312290072744985991e+02 4.935607478273595028e+00 2.364809189370387088e+01
1.063045088693925777e-01 -1.980333457065581797e+02 1.198631017563105416e+02 4.452438417956726902e+00 2.176294877793427673e+01
9.256047019068347481e-02 -1.782171925406039747e+02 1.095517011701883092e+02 4.012790100205164912e+00 2.000909167356201834e+01
8.103584393248652873e-02 -1.603990202826235247e+02 9.988566888851168812e+01 3.617106614228759565e+00 1.838057090144795680e+01
7.160225372082607009e-02 -1.444396205305755814e+02 9.075656158549260510e+01 3.256950265040358783e+00 1.687066629860467515e+01
6.367690752373533769e-02 -1.300995511507094875e+02 8.224481912887337387e+01 2.930988785010412823e+00 1.547220175980834611e+01
5.681532984302961609e-02 -1.171730028119743992e+02 7.440096906746119032e+01 2.638778084929071621e+00 1.417825284954687959e+01
5.068945244168787667e-02 -1.054870822530888859e+02 6.724505896081112155e+01 2.372324559019034051e+00 1.298218496140712830e+01
